customerID,age,balance,transactions,credit_score,customer_feedback,churn
1001,53,4573,26,773,6,0
1002,39,14808,10,686,6,1
1003,32,37367,6,757,4,0
1004,45,38801,27,774,4,0
1005,43,43196,48,776,5,1
1006,47,36072,6,774,3,0
1007,35,25752,42,683,1,0
1008,35,19685,21,681,1,0
1009,48,43401,39,745,7,0
1010,48,13372,38,793,1,0
1011,27,10996,27,667,1,0
1012,46,18458,34,760,3,0
1013,26,33889,12,726,4,0
1014,48,28665,26,763,4,1
1015,54,40243,48,681,2,0
1016,26,33653,40,746,1,0
1017,45,28657,9,755,3,1
1018,57,41952,17,767,4,0
1019,36,24180,33,683,3,0
1020,46,33896,35,712,8,1
1021,49,14875,20,675,1,0
1022,51,3622,46,721,2,0
1023,52,42809,34,742,7,1
1024,40,18725,20,640,4,0
1025,39,42760,16,766,8,0
1026,27,17646,21,601,3,0
1027,31,19029,20,790,6,0
1028,45,31402,16,628,9,0
1029,33,6263,12,704,1,1
1030,42,32987,24,793,1,0
1031,28,48828,7,650,8,1
1032,49,49924,20,674,3,0
1033,38,10646,34,609,5,1
1034,33,29529,49,741,1,1
1035,50,13664,27,650,5,0
1036,26,37737,32,717,6,0
1037,44,37796,44,720,8,0
1038,52,26027,9,638,3,0
1039,31,31373,24,627,3,1
1040,32,38397,44,602,9,1
1041,59,22609,48,683,4,0
1042,38,37835,5,797,4,0
1043,41,40709,34,754,7,0
1044,28,21250,25,716,2,0
1045,26,23172,24,601,8,0
1046,30,13555,10,692,6,1
1047,28,23874,26,765,3,1
1048,53,15081,22,730,9,0
1049,42,26063,12,743,5,0
1050,50,8819,43,693,8,0
1051,58,27712,36,639,7,0
1052,34,26762,37,601,8,0
1053,38,13046,20,680,7,0
1054,55,33463,16,768,3,1
1055,39,30769,42,611,2,0
1056,32,25150,38,762,7,0
1057,38,4711,18,664,3,1
1058,47,6853,40,654,3,1
1059,45,31077,37,644,2,0
1060,40,25863,27,700,4,0
1061,42,23792,49,661,8,0
1062,48,42483,6,648,1,1
1063,50,10942,45,726,1,1
1064,49,3762,25,752,5,0
1065,53,33987,6,622,5,0
1066,39,17850,31,751,1,1
1067,25,14112,13,637,6,0
1068,49,26058,5,627,1,0
1069,31,47420,15,620,5,0
1070,33,40890,7,781,9,0
1071,48,2481,27,706,5,0
1072,25,49304,30,745,6,1
1073,32,34921,8,763,8,1
1074,48,42385,22,698,1,0
1075,35,3524,10,772,2,0
1076,41,36888,39,718,9,0
1077,32,17048,26,672,3,0
1078,59,37111,47,780,6,0
1079,59,39904,19,721,5,1
1080,57,36008,26,629,2,0
1081,29,2060,41,787,7,0
1082,52,11130,46,707,4,0
1083,31,20023,16,697,1,1
1084,33,47080,46,631,4,1
1085,32,15350,42,794,6,1
1086,36,26354,22,794,7,1
1087,58,47186,49,755,7,0
1088,57,30145,39,771,7,0
1089,47,36020,34,678,3,0
1090,48,22587,28,640,6,0
1091,59,43131,46,662,8,0
1092,46,11650,34,622,4,0
1093,51,21933,18,703,8,0
1094,59,22581,10,674,2,0
1095,25,25393,7,647,9,0
1096,59,25051,20,759,9,1
1097,38,28212,11,656,8,0
1098,27,6090,18,717,1,0
1099,25,8960,13,699,2,0
1100,29,37772,19,723,6,0
1101,50,23520,25,760,5,0
1102,38,38408,39,751,9,0
1103,51,30470,6,766,5,0
1104,33,22491,31,633,2,0
1105,39,3341,6,783,4,0
1106,39,46623,39,755,9,0
1107,50,26791,22,764,1,0
1108,37,2338,18,606,1,0
1109,56,7895,24,795,7,0
1110,56,14254,22,764,3,0
1111,28,13344,14,655,2,0
1112,54,3750,29,664,9,0
1113,47,4421,6,792,3,0
1114,39,41887,29,646,2,0
1115,53,7319,37,747,8,1
1116,37,17896,40,618,6,1
1117,56,13918,35,756,6,1
1118,31,27064,18,787,7,0
1119,46,48617,5,745,7,0
1120,52,29935,20,762,6,0
1121,26,39641,7,770,4,0
1122,30,31711,39,725,9,0
1123,52,6806,45,738,6,0
1124,52,43360,10,648,4,1
1125,44,14182,29,712,3,0
1126,54,24297,17,637,4,1
1127,35,21541,38,663,3,0
1128,52,30921,12,668,2,0
1129,49,18774,25,735,5,0
1130,57,46813,38,761,2,0
1131,25,39198,8,775,6,1
1132,51,10820,29,715,3,0
1133,37,26070,19,783,6,0
1134,27,6232,8,664,9,1
1135,30,13122,49,630,1,0
1136,32,17023,16,731,6,1
1137,51,10007,36,712,9,0
1138,33,19905,36,708,4,0
1139,57,43786,32,777,2,0
1140,48,31398,17,668,4,0
1141,39,36268,35,757,1,0
1142,56,8737,18,719,3,0
1143,56,38062,24,687,9,1
1144,48,27510,22,786,5,1
1145,36,21426,33,666,6,0
1146,26,39265,10,674,3,0
1147,27,19850,36,644,5,0
1148,41,2614,33,603,8,0
1149,26,23776,47,753,6,0
1150,26,26077,6,754,4,0
1151,52,11374,27,773,2,0
1152,47,37435,23,706,9,0
1153,56,32907,35,791,1,1
1154,57,15409,9,650,1,0
1155,25,18514,23,649,4,0
1156,43,31866,38,605,7,0
1157,26,4983,14,658,1,0
1158,50,33705,29,724,9,0
1159,56,22662,6,742,4,0
1160,30,25510,15,629,3,1
1161,56,14651,35,769,1,0
1162,28,42998,19,721,4,0
1163,35,30535,13,724,9,1
1164,41,8640,27,636,6,1
1165,48,46547,23,769,6,0
1166,29,17317,13,723,1,0
1167,58,9564,39,700,2,0
1168,30,29345,25,634,6,0
1169,46,30687,13,686,2,0
1170,35,15737,32,733,3,0
1171,40,11323,11,795,4,0
1172,57,17229,20,617,5,0
1173,33,46481,20,712,9,0
1174,30,10502,37,628,4,0
1175,40,2545,8,676,9,0
1176,53,39114,8,658,3,0
1177,27,31430,43,774,8,0
1178,44,11996,44,725,1,0
1179,43,29788,21,744,9,0
1180,50,31969,41,708,9,0
1181,27,15919,43,621,2,0
1182,43,5810,33,667,4,0
1183,44,32586,40,668,8,1
1184,56,41974,42,764,7,1
1185,31,43773,43,648,1,0
1186,57,18371,41,740,5,0
1187,42,47084,39,761,7,0
1188,25,31629,11,708,4,0
1189,35,10436,31,685,1,0
1190,52,14984,32,652,9,1
1191,49,35039,26,722,5,0
1192,47,21895,18,686,2,0
1193,55,20155,11,778,8,1
1194,54,12616,41,730,2,1
1195,59,39129,26,641,3,1
1196,31,41837,9,697,1,0
1197,40,26574,6,759,2,0
1198,50,5430,31,708,7,0
1199,26,14676,25,650,2,0
1200,25,12816,42,684,6,0
1201,36,34733,19,773,3,0
1202,29,22144,25,726,4,1
1203,56,4050,14,620,8,0
1204,33,46460,27,643,3,0
1205,59,35933,43,738,6,0
1206,43,26951,9,702,1,0
1207,40,34413,5,667,7,0
1208,27,36801,17,728,8,0
1209,44,34913,25,691,8,0
1210,48,49037,30,790,3,1
1211,57,42600,49,623,1,0
1212,48,27280,25,724,9,1
1213,35,26557,22,740,6,0
1214,32,49054,41,710,9,0
1215,44,37400,49,697,7,0
1216,59,6494,36,738,1,0
1217,49,17152,40,778,1,0
1218,59,25895,21,616,6,0
1219,49,11155,39,698,5,1
1220,53,33883,15,681,9,1
1221,42,45194,25,703,2,0
1222,42,45001,30,751,8,1
1223,26,3828,8,618,5,0
1224,59,47028,38,764,2,1
1225,40,43898,22,684,6,0
1226,57,34123,44,607,8,0
1227,28,39573,39,627,4,1
1228,57,2806,45,604,2,0
1229,38,42970,33,744,5,1
1230,45,31757,33,700,2,0
1231,44,36636,42,763,2,0
1232,32,16561,46,717,6,0
1233,31,26262,25,746,9,0
1234,27,16899,46,663,4,0
1235,41,17934,17,690,6,1
1236,57,40197,45,716,7,0
1237,36,43844,21,697,6,1
1238,46,38332,13,610,8,1
1239,46,36157,45,653,4,0
1240,54,13593,5,772,1,1
1241,32,42042,6,646,7,1
1242,51,19320,33,739,3,1
1243,51,29376,37,748,6,1
1244,58,45513,14,738,2,1
1245,45,16199,44,604,9,0
1246,54,17876,25,783,1,0
1247,57,10245,32,619,6,1
1248,52,9214,15,768,6,0
1249,57,2726,38,645,5,0
1250,29,48600,12,611,5,0
1251,43,13362,26,669,1,1
1252,28,20297,12,616,5,0
1253,59,32448,19,714,2,1
1254,41,28172,21,746,7,0
1255,52,44874,27,753,3,0
1256,54,9657,28,647,4,0
1257,53,20850,49,707,3,0
1258,30,27425,23,651,3,0
1259,59,28685,9,695,4,1
1260,48,49319,36,669,5,1
1261,53,26578,48,782,1,0
1262,55,30831,5,701,4,0
1263,59,9906,27,674,8,1
1264,57,9287,41,760,7,1
1265,45,35660,12,789,9,0
1266,56,12222,17,750,5,0
1267,47,39443,12,742,4,0
1268,57,36701,27,754,8,1
1269,27,19764,47,791,9,0
1270,42,46641,5,778,7,0
1271,49,19674,49,780,7,0
1272,55,20024,28,681,5,1
1273,27,48007,39,691,4,0
1274,48,25874,28,778,1,0
1275,56,45642,21,774,7,0
1276,46,34284,9,603,1,0
1277,47,19602,24,734,1,0
1278,26,39784,25,708,5,1
1279,51,25265,44,762,9,1
1280,26,27931,35,647,6,1
1281,50,30841,40,672,3,1
1282,41,31192,15,671,3,0
1283,57,48542,19,715,7,1
1284,33,44520,23,772,6,0
1285,53,17585,11,680,9,0
1286,50,27559,32,680,6,1
1287,59,42059,47,712,5,0
1288,49,35742,9,695,7,0
1289,48,6133,9,671,1,0
1290,37,16663,34,746,7,0
1291,31,23754,36,662,3,0
1292,44,5972,12,637,9,1
1293,25,7295,14,666,6,1
1294,32,48681,42,786,9,0
1295,40,43873,36,668,5,0
1296,38,31125,32,612,7,0
1297,36,42996,21,774,4,1
1298,47,11903,35,788,7,0
1299,39,5020,12,630,1,0
1300,52,43755,44,713,7,0
1301,58,22420,29,621,8,0
1302,26,23452,13,692,5,0
1303,56,47648,6,770,2,1
1304,47,40001,19,666,5,0
1305,46,11516,7,653,6,0
1306,49,49327,40,737,2,0
1307,46,4396,8,641,6,1
1308,46,20546,18,663,6,0
1309,30,21129,45,725,1,0
1310,39,3591,45,620,1,0
1311,57,13303,29,793,3,0
1312,32,32561,14,768,3,1
1313,29,8183,25,751,4,0
1314,28,28572,40,634,2,1
1315,30,36080,16,783,9,0
1316,56,22695,31,629,7,1
1317,54,9314,44,656,7,0
1318,59,21623,6,646,6,1
1319,40,4139,17,762,3,0
1320,37,49456,36,618,6,0
1321,54,33290,35,713,8,1
1322,43,20088,20,607,8,0
1323,41,41692,36,625,9,0
1324,43,35130,36,712,1,0
1325,52,34088,38,670,1,0
1326,50,28292,15,629,3,0
1327,50,48249,14,734,3,0
1328,47,22670,19,666,8,0
1329,33,5738,21,664,1,1
1330,36,4469,44,635,2,0
1331,25,24534,22,624,2,1
1332,25,11017,13,636,3,1
1333,58,4808,29,600,6,0
1334,56,49638,44,742,1,0
1335,49,14713,18,636,2,0
1336,25,42329,29,740,1,0
1337,40,4719,26,735,5,1
1338,29,24890,34,732,7,0
1339,46,13700,24,787,8,0
1340,53,38509,25,727,1,0
1341,27,44534,48,726,7,0
1342,36,38766,36,600,5,0
1343,50,28705,25,763,1,0
1344,40,20787,39,634,3,1
1345,46,28588,36,793,7,0
1346,53,28123,34,790,1,0
1347,38,35062,43,703,7,1
1348,52,12177,16,622,5,0
1349,29,23727,45,608,1,1
1350,54,32220,22,633,1,1
1351,29,11882,25,773,1,1
1352,36,3136,17,727,9,1
1353,40,36832,25,603,3,0
1354,50,33966,12,757,5,1
1355,50,9009,44,701,9,0
1356,45,14987,11,674,6,1
1357,57,39311,27,698,9,1
1358,54,33575,48,671,8,1
1359,47,3007,36,602,8,1
1360,34,7445,15,741,1,0
1361,29,12706,26,787,9,1
1362,58,49517,26,772,6,0
1363,55,46486,47,633,9,1
1364,34,31257,29,644,3,0
1365,43,23736,26,660,3,0
1366,56,44207,32,682,6,0
1367,25,15281,33,722,9,0
1368,29,3435,17,701,7,1
1369,28,35339,22,615,3,0
1370,40,37150,6,665,3,0
1371,48,27821,33,767,2,0
1372,40,28660,25,744,9,1
1373,26,7084,19,718,3,0
1374,52,18661,31,761,5,0
1375,56,15507,35,723,9,0
1376,51,9059,19,743,8,0
1377,44,20271,27,701,2,0
1378,48,47539,28,787,3,0
1379,36,9491,48,665,2,0
1380,59,49295,17,793,8,1
1381,57,16859,26,612,6,1
1382,57,10073,47,783,6,0
1383,36,11077,41,710,9,1
1384,27,22953,37,758,8,0
1385,25,13383,7,633,4,0
1386,57,4353,23,638,4,0
1387,34,25821,27,794,9,0
1388,53,39567,33,735,1,0
1389,37,26860,34,719,2,0
1390,36,23195,43,725,2,0
1391,55,13939,48,654,6,1
1392,26,27338,29,626,4,0
1393,59,23730,41,717,3,0
1394,47,23427,12,652,3,0
1395,41,37196,46,638,3,0
1396,50,29083,20,664,6,0
1397,32,23510,12,744,8,0
1398,53,46064,5,757,7,1
1399,50,9813,48,780,4,0
1400,34,33598,9,612,4,0
1401,50,49182,7,620,2,0
1402,58,29570,5,746,1,0
1403,31,29082,8,652,9,0
1404,28,31241,44,618,2,0
1405,35,32678,39,656,8,0
1406,53,46569,36,624,9,0
1407,49,13745,46,630,4,0
1408,45,28029,38,680,8,0
1409,34,15025,47,782,9,0
1410,33,38124,29,622,5,0
1411,48,16288,14,631,7,0
1412,59,25650,25,789,4,0
1413,59,8540,43,673,1,0
1414,42,34232,31,609,3,0
1415,56,18422,31,799,5,0
1416,48,5342,6,653,3,0
1417,47,43846,45,651,7,1
1418,56,37612,17,747,9,0
1419,36,12396,13,759,6,1
1420,37,19482,40,713,1,0
1421,47,25411,26,613,7,0
1422,49,48766,46,777,3,0
1423,59,15261,30,755,5,0
1424,54,5093,16,709,4,0
1425,41,13722,21,652,5,0
1426,44,24042,18,751,5,0
1427,49,46413,18,678,6,0
1428,46,49851,38,621,6,1
1429,37,30087,24,629,8,1
1430,43,34347,15,790,8,0
1431,36,35756,20,603,9,0
1432,43,41214,35,658,8,0
1433,36,18335,10,607,2,0
1434,33,30602,23,611,1,0
1435,31,36450,41,718,2,1
1436,52,34196,8,758,2,0
1437,38,7626,8,633,3,0
1438,55,9424,24,681,7,0
1439,43,14857,14,697,2,1
1440,40,46923,28,726,1,0
1441,29,21982,39,674,6,0
1442,59,13425,30,704,9,1
1443,36,3980,41,648,3,0
1444,49,28431,42,678,6,1
1445,45,21440,25,784,3,0
1446,47,43752,44,692,1,1
1447,40,19175,43,753,5,0
1448,38,28385,25,617,4,0
1449,55,40158,14,695,7,1
1450,29,25019,42,637,6,0
1451,59,20639,8,686,7,0
1452,47,21994,49,687,5,0
1453,53,36375,24,649,4,0
1454,35,23563,21,607,7,0
1455,42,41341,11,768,7,0
1456,36,7776,8,733,6,0
1457,33,38444,33,668,8,0
1458,34,5380,18,771,4,0
1459,41,10711,7,720,5,0
1460,31,10782,28,663,4,1
1461,37,19434,41,756,1,1
1462,33,48765,20,755,8,1
1463,51,22017,8,738,1,0
1464,26,32707,28,720,5,0
1465,29,41110,38,664,6,0
1466,53,19343,34,706,6,0
1467,43,40827,22,746,5,0
1468,32,43652,23,736,3,0
1469,25,7655,35,754,5,0
1470,46,46859,23,761,8,1
1471,41,17251,23,771,2,0
1472,31,2526,26,795,6,0
1473,49,5224,28,699,9,0
1474,28,49837,49,681,8,0
1475,30,13536,16,742,8,1
1476,55,30541,34,650,8,0
1477,43,15547,42,740,7,0
1478,51,36531,35,682,8,0
1479,34,10712,40,776,6,0
1480,50,40565,23,797,2,0
1481,43,11208,49,711,2,1
1482,27,7109,40,655,8,1
1483,37,37201,34,778,1,1
1484,52,18967,37,764,6,0
1485,44,31759,22,744,6,1
1486,52,22172,32,785,4,0
1487,32,38935,15,756,3,0
1488,25,28589,49,760,3,0
1489,27,32015,37,659,1,0
1490,37,31009,21,719,3,0
1491,52,19773,10,782,4,1
1492,49,43125,8,737,5,0
1493,57,28143,24,774,3,0
1494,30,8154,31,622,6,0
1495,56,23804,19,748,5,1
1496,45,43688,10,612,3,1
1497,40,22581,18,700,6,1
1498,45,32087,15,760,6,0
1499,35,34981,43,623,8,0
1500,59,5762,13,707,2,0
1501,43,48167,30,610,1,0
1502,44,11768,20,616,4,0
1503,42,45408,9,795,7,0
1504,38,41499,14,774,3,0
1505,39,40559,7,624,3,1
1506,55,10783,17,693,5,0
1507,25,48389,47,620,5,0
1508,27,31781,34,683,3,0
1509,40,32811,49,739,9,1
1510,47,37488,10,636,4,1
1511,35,10905,21,641,3,1
1512,36,11127,49,744,2,1
1513,34,24431,23,700,9,0
1514,56,8368,46,647,4,0
1515,40,29424,39,702,3,0
1516,32,48824,30,627,7,0
1517,36,47004,9,640,8,0
1518,48,20333,33,698,2,0
1519,52,25116,41,646,7,1
1520,32,49219,24,745,5,1
1521,52,45201,25,704,5,1
1522,50,17525,14,723,3,1
1523,32,25398,9,798,5,0
1524,52,34857,40,612,2,0
1525,52,12361,10,740,4,0
1526,51,18369,30,699,6,0
1527,41,5041,8,630,1,1
1528,33,2105,43,729,4,0
1529,57,11078,43,615,6,1
1530,44,27003,39,736,9,0
1531,37,8090,5,672,2,0
1532,52,40850,28,765,7,0
1533,53,3925,40,653,6,0
1534,37,20440,10,783,2,0
1535,59,41685,45,699,8,0
1536,30,28015,48,708,7,1
1537,42,35320,35,686,5,0
1538,29,27291,24,772,5,0
1539,49,38679,28,761,7,0
1540,26,28289,29,736,9,0
1541,34,5389,40,607,9,1
1542,54,27683,25,606,9,0
1543,29,15629,34,635,6,1
1544,57,26826,28,617,6,0
1545,25,37198,48,602,3,1
1546,42,28630,46,627,1,0
1547,56,35226,34,669,7,0
1548,35,48163,26,771,4,0
1549,45,34975,32,748,1,0
1550,50,2899,11,627,8,0
1551,49,13653,39,653,6,0
1552,46,29961,32,781,6,0
1553,51,18405,18,664,2,0
1554,37,10601,14,699,1,0
1555,57,35662,20,620,2,1
1556,58,35282,20,612,4,0
1557,59,23288,35,656,2,0
1558,25,31545,46,648,1,0
1559,45,38877,29,717,7,1
1560,30,48026,17,653,8,0
1561,52,17313,10,737,6,0
1562,41,17349,48,652,4,1
1563,29,9179,13,643,6,1
1564,55,12326,49,646,3,0
1565,29,46555,40,652,8,0
1566,27,3560,47,673,2,1
1567,47,15612,24,645,5,0
1568,34,19650,22,612,1,0
1569,34,28745,47,764,6,0
1570,43,33890,25,701,2,1
1571,41,22022,8,623,4,0
1572,45,6780,37,601,6,1
1573,38,20311,31,680,8,0
1574,33,30380,11,699,8,0
1575,25,46662,10,741,6,0
1576,37,4356,19,737,4,0
1577,28,6790,22,762,8,1
1578,25,28911,36,752,8,1
1579,56,26363,15,730,1,0
1580,58,22049,24,710,4,0
1581,52,12181,28,701,4,0
1582,55,41825,19,616,7,0
1583,32,18082,11,611,7,0
1584,50,2661,25,781,8,0
1585,58,39412,46,715,5,0
1586,27,4920,30,623,7,1
1587,36,27658,48,628,8,1
1588,25,16025,18,770,9,0
1589,29,10946,41,752,3,1
1590,54,30706,25,721,3,0
1591,54,47500,22,787,4,0
1592,41,41004,9,689,5,0
1593,47,18309,7,664,1,0
1594,39,48286,27,683,7,0
1595,45,35120,30,718,9,0
1596,38,32027,41,755,8,1
1597,26,9005,28,615,5,1
1598,35,48804,23,774,4,0
1599,58,2956,29,703,7,1
1600,58,36839,25,691,5,0
1601,42,10595,16,785,7,0
1602,54,49908,45,626,1,0
1603,39,14803,37,780,1,0
1604,51,27963,8,769,3,0
1605,58,38221,46,786,2,0
1606,57,41443,11,774,2,0
1607,48,35723,26,761,7,1
1608,39,41063,37,764,2,0
1609,54,17282,21,733,4,0
1610,41,6703,28,734,2,0
1611,29,8563,38,752,6,0
1612,53,27849,32,632,8,0
1613,28,33860,47,654,4,1
1614,34,33585,45,785,5,0
1615,41,24015,43,606,4,0
1616,34,14003,26,656,3,0
1617,41,45585,21,725,5,0
1618,44,28958,38,611,9,0
1619,48,28017,10,615,8,0
1620,29,13171,10,642,8,1
1621,58,47350,38,716,8,0
1622,30,14201,5,734,8,0
1623,26,31426,14,710,7,0
1624,37,19778,25,650,8,0
1625,35,47241,9,759,8,0
1626,47,44229,6,674,8,1
1627,40,23116,26,607,7,0
1628,55,35297,6,799,1,0
1629,35,21342,14,644,4,0
1630,40,29490,38,658,4,0
1631,32,21975,20,731,5,0
1632,28,28723,43,703,6,0
1633,28,25279,26,794,4,0
1634,49,14765,16,756,2,0
1635,27,48678,28,756,6,1
1636,56,13561,44,697,8,0
1637,27,43899,42,755,8,0
1638,51,2525,14,678,7,0
1639,53,24861,39,723,6,0
1640,56,35142,36,771,2,0
1641,43,28916,11,603,7,0
1642,45,46965,25,689,5,0
1643,29,6648,24,703,6,0
1644,42,37133,30,736,8,0
1645,52,32523,8,718,8,0
1646,46,31052,26,732,3,1
1647,45,36414,19,655,7,0
1648,30,34781,44,695,1,0
1649,25,6599,25,777,1,0
1650,29,37046,19,674,7,0
1651,36,49064,26,742,9,0
1652,50,37923,32,631,7,0
1653,58,43089,18,627,5,1
1654,38,5814,31,621,8,0
1655,50,47893,45,616,2,0
1656,51,37984,44,658,9,0
1657,33,28616,32,689,6,0
1658,50,4113,30,798,9,0
1659,46,45006,6,705,2,1
1660,54,15760,29,784,3,0
1661,41,23927,7,625,8,1
1662,50,22939,12,624,1,1
1663,25,34419,48,737,7,1
1664,32,14588,37,644,7,0
1665,59,38142,46,682,1,0
1666,39,41198,39,610,9,0
1667,46,46738,10,780,8,0
1668,38,35397,43,799,4,0
1669,50,18653,27,703,5,1
1670,52,12831,29,667,2,0
1671,47,7724,47,694,9,0
1672,38,13083,23,755,6,0
1673,48,47917,9,664,3,0
1674,26,21816,15,648,7,0
1675,50,44240,16,774,9,1
1676,38,8276,14,651,3,0
1677,31,40663,12,701,2,1
1678,27,15994,28,781,7,1
1679,47,25499,32,787,7,1
1680,42,25040,45,656,4,0
1681,59,45320,40,646,9,1
1682,39,18959,41,758,8,0
1683,49,8099,25,773,1,0
1684,52,44267,12,625,1,0
1685,34,21576,13,713,5,0
1686,41,37946,19,604,6,0
1687,46,8116,44,683,3,0
1688,50,17563,22,651,9,0
1689,49,28788,46,704,6,1
1690,41,28928,24,653,4,0
1691,37,38336,10,760,7,0
1692,44,11847,16,777,8,0
1693,49,28155,6,765,9,0
1694,28,16135,11,754,6,1
1695,34,19774,20,614,6,0
1696,27,3742,7,660,8,0
1697,42,20309,49,721,5,0
1698,46,2619,7,620,3,1
1699,58,19658,31,645,3,0
1700,32,36707,47,796,6,1
1701,43,22337,44,733,2,0
1702,30,18001,42,637,6,0
1703,50,2968,37,661,6,0
1704,58,49614,32,685,8,1
1705,30,27892,5,789,7,0
1706,57,27619,12,677,8,0
1707,46,2281,41,645,9,0
1708,45,29420,36,740,6,0
1709,30,17360,47,602,3,0
1710,30,41030,41,605,3,1
1711,28,3058,8,692,1,0
1712,54,22677,34,607,5,0
1713,35,12724,10,771,4,1
1714,54,30404,23,707,9,0
1715,55,39946,36,760,9,0
1716,48,41748,13,674,5,0
1717,33,31856,16,676,4,0
1718,27,11200,15,649,7,0
1719,55,35997,20,610,6,0
1720,48,27611,5,694,4,0
1721,55,43235,49,755,2,0
1722,30,37057,25,669,1,1
1723,26,3239,34,768,4,1
1724,44,40138,17,615,4,1
1725,52,2125,38,667,1,1
1726,35,47272,8,698,6,0
1727,28,25857,32,647,4,1
1728,39,17398,42,783,1,0
1729,30,8638,35,663,1,0
1730,54,8570,31,786,1,0
1731,26,5249,9,689,8,0
1732,39,11110,29,789,8,1
1733,35,42363,7,675,2,1
1734,32,15605,37,738,7,0
1735,50,14115,8,700,8,1
1736,29,41062,29,688,8,0
1737,30,24911,24,617,7,0
1738,50,40525,38,618,5,0
1739,28,34556,30,654,1,0
1740,43,14595,9,701,9,1
1741,44,3969,39,717,7,1
1742,57,45753,32,753,2,1
1743,44,19275,33,733,6,0
1744,36,6470,13,603,2,1
1745,25,12225,42,707,1,0
1746,50,44324,10,714,7,1
1747,38,43974,23,628,2,0
1748,35,44759,48,658,2,0
1749,37,25196,15,724,5,0
1750,27,42287,6,697,5,0
1751,57,15669,48,616,7,0
1752,30,39380,48,706,1,0
1753,34,47141,13,642,8,0
1754,29,49414,25,679,3,0
1755,47,40006,28,793,4,0
1756,34,17577,38,761,9,0
1757,26,24473,26,607,4,0
1758,37,30625,7,740,5,0
1759,26,17504,16,705,7,0
1760,44,26089,32,607,4,1
1761,25,38487,34,695,1,1
1762,33,2302,30,693,9,0
1763,41,33463,25,664,4,1
1764,33,46912,32,770,9,1
1765,35,31259,30,638,6,1
1766,39,44823,37,680,1,0
1767,48,39208,25,786,3,0
1768,59,32659,39,683,2,0
1769,54,37840,38,687,9,0
1770,55,33890,45,685,1,0
1771,29,15598,22,692,9,0
1772,38,49055,15,685,9,1
1773,35,48733,27,643,8,1
1774,33,21508,26,736,8,0
1775,58,44287,21,764,1,0
1776,36,15380,9,673,8,0
1777,59,28984,48,635,3,1
1778,59,46633,15,700,7,0
1779,25,10125,34,755,1,0
1780,46,38059,19,769,1,0
1781,53,6033,31,770,5,0
1782,32,39873,39,769,5,0
1783,35,19087,37,703,8,0
1784,38,42901,24,665,7,1
1785,54,7704,20,654,8,1
1786,59,9848,38,799,6,1
1787,45,23592,6,775,6,1
1788,29,47743,39,690,2,0
1789,43,8924,44,621,6,0
1790,38,29208,32,700,5,1
1791,50,21614,43,754,3,1
1792,28,2488,10,720,6,0
1793,49,41882,13,692,8,0
1794,49,27923,24,794,9,0
1795,42,37941,5,707,1,0
1796,32,31165,12,740,3,0
1797,38,3667,27,772,3,0
1798,56,28213,7,609,8,0
1799,57,6114,8,608,1,0
1800,47,38321,29,781,5,1
1801,39,9761,42,754,3,0
1802,57,33116,19,633,2,0
1803,49,35768,25,728,8,0
1804,41,27426,39,759,3,1
1805,57,19772,18,688,7,0
1806,26,40218,40,692,1,1
1807,38,5712,16,670,6,0
1808,30,3367,21,666,3,1
1809,30,42957,43,747,8,1
1810,27,43781,13,716,6,0
1811,31,28200,39,693,2,0
1812,32,5726,17,762,6,0
1813,39,25616,19,698,7,0
1814,53,29723,22,712,5,0
1815,57,39574,37,702,3,0
1816,54,36958,10,690,4,0
1817,51,11108,31,689,4,0
1818,53,14178,27,616,6,0
1819,57,37643,31,617,1,0
1820,51,33324,38,772,4,0
1821,57,40360,42,715,4,0
1822,28,19824,18,692,1,0
1823,46,47360,40,780,9,0
1824,26,10927,12,690,4,1
1825,34,30144,39,681,7,0
1826,29,33010,23,667,3,0
1827,34,24443,34,792,3,0
1828,57,16437,18,713,8,1
1829,37,46298,24,600,8,1
1830,55,41778,29,657,1,1
1831,48,13207,44,753,2,0
1832,39,27537,28,708,8,0
1833,53,37757,18,747,1,0
1834,32,14040,30,715,8,0
1835,29,43986,42,686,8,1
1836,53,24612,27,609,2,0
1837,28,30441,26,658,4,1
1838,36,8471,23,640,6,0
1839,26,37631,7,704,9,1
1840,51,45461,46,732,8,0
1841,55,28523,23,721,8,0
1842,50,33348,13,792,7,0
1843,51,3177,32,744,9,0
1844,29,6760,24,621,2,0
1845,44,34779,49,697,3,1
1846,35,23636,11,768,8,0
1847,34,18353,18,667,6,0
1848,30,13556,13,796,9,0
1849,32,29598,23,738,4,0
1850,47,13563,18,655,8,1
1851,50,48819,42,778,3,1
1852,36,45790,40,748,3,1
1853,50,10234,44,698,8,1
1854,37,27519,21,675,5,1
1855,42,28966,34,625,3,0
1856,49,18173,13,714,1,1
1857,57,28987,37,746,3,0
1858,36,15178,29,708,9,0
1859,28,41338,18,787,5,0
1860,29,26596,15,798,2,1
1861,32,35174,39,646,7,1
1862,52,43974,45,670,2,0
1863,55,6431,18,753,4,1
1864,33,29764,34,639,7,1
1865,53,23627,45,732,4,0
1866,38,41310,8,748,7,0
1867,46,10906,8,731,7,1
1868,35,38914,32,622,1,0
1869,47,46814,12,705,6,0
1870,25,47379,6,683,9,0
1871,45,15076,45,742,2,0
1872,50,39650,26,715,3,1
1873,47,48881,45,708,5,0
1874,25,48413,20,735,9,1
1875,39,8012,33,640,4,1
1876,45,9151,34,711,1,1
1877,33,30211,16,746,4,0
1878,33,29117,39,711,6,0
1879,34,38378,15,702,5,0
1880,50,44652,25,645,1,0
1881,59,8894,25,755,4,1
1882,49,15467,9,667,6,0
1883,50,33010,24,721,4,0
1884,35,44641,41,614,9,0
1885,26,14289,7,764,5,1
1886,31,46976,48,728,8,1
1887,42,45596,37,794,9,0
1888,51,25171,13,710,5,1
1889,58,36905,13,623,6,0
1890,51,22829,8,626,1,0
1891,41,36054,39,639,7,1
1892,48,46139,21,790,4,0
1893,49,31734,38,788,2,1
1894,31,9052,28,763,5,0
1895,30,5654,36,623,3,0
1896,48,25486,5,623,6,1
1897,57,20743,12,603,8,0
1898,53,26489,49,666,7,1
1899,46,10636,27,633,3,1
1900,50,8441,44,784,8,0
1901,52,26611,16,776,2,0
1902,45,44435,16,780,9,0
1903,31,14149,19,715,4,0
1904,41,36566,45,622,1,0
1905,44,44368,23,708,8,0
1906,44,23675,30,668,7,0
1907,46,7495,33,694,5,0
1908,52,44668,26,780,5,1
1909,31,15673,44,661,7,1
1910,25,13130,25,768,5,1
1911,56,24668,42,656,8,0
1912,37,17222,24,787,6,1
1913,54,25669,33,653,5,0
1914,47,36068,8,669,9,1
1915,43,25253,11,700,2,1
1916,56,11435,32,656,1,0
1917,54,30552,32,737,8,0
1918,53,39384,8,767,3,1
1919,53,18393,26,734,7,1
1920,54,12617,16,702,8,1
1921,40,40520,49,765,6,0
1922,43,11852,7,684,9,0
1923,42,33401,26,660,7,0
1924,25,8295,48,602,5,1
1925,38,37993,6,727,8,0
1926,26,36084,28,778,2,1
1927,52,47105,38,685,7,0
1928,54,41575,31,646,4,0
1929,28,38451,45,795,9,0
1930,25,9227,5,675,1,1
1931,32,33910,12,637,7,0
1932,53,38041,27,763,6,0
1933,27,25384,42,768,8,0
1934,56,2145,10,796,5,0
1935,34,39778,26,740,1,0
1936,34,18035,29,686,1,1
1937,43,5040,22,657,9,0
1938,58,44422,21,649,6,0
1939,57,28160,16,629,5,1
1940,47,19633,10,789,1,1
1941,52,31344,30,700,6,0
1942,56,19014,31,624,6,0
1943,31,16996,12,711,3,1
1944,53,43621,23,754,8,1
1945,32,13695,46,778,1,1
1946,25,4852,5,784,1,0
1947,27,18014,33,725,6,0
1948,48,29042,49,722,1,1
1949,47,35755,39,646,6,0
1950,32,42390,44,717,1,0
1951,27,25711,18,638,6,1
1952,57,28122,39,615,3,0
1953,52,11160,49,621,8,0
1954,32,29213,24,653,6,0
1955,58,41420,17,748,1,0
1956,59,9421,42,799,5,0
1957,56,23400,12,615,8,1
1958,48,35537,47,658,3,0
1959,38,19727,24,630,6,0
1960,56,48882,37,769,5,1
1961,40,6358,30,631,6,0
1962,28,30482,43,786,1,0
1963,45,34117,25,761,7,1
1964,38,25164,46,608,9,1
1965,55,33910,47,738,2,0
1966,42,34496,45,609,5,1
1967,31,46311,13,616,4,0
1968,34,31371,28,667,6,1
1969,31,40467,41,647,6,0
1970,57,19625,45,779,2,1
1971,47,35893,21,710,2,0
1972,45,12793,28,752,4,0
1973,43,33007,25,722,1,0
1974,43,27766,43,748,9,0
1975,53,41532,45,700,7,1
1976,42,14323,43,701,7,0
1977,26,47799,17,664,3,0
1978,25,48820,15,790,3,0
1979,29,47408,23,650,1,0
1980,44,9843,15,635,3,1
1981,35,16210,17,680,3,1
1982,26,18456,49,726,4,0
1983,27,33367,5,687,4,1
1984,47,12106,44,793,3,1
1985,36,39957,48,703,8,0
1986,44,4472,23,614,8,0
1987,29,8704,16,695,1,1
1988,54,5713,12,766,7,0
1989,33,7051,12,722,2,1
1990,58,12756,49,797,1,0
1991,59,4475,16,600,3,0
1992,46,38378,37,750,4,0
1993,48,6255,49,721,6,0
1994,41,16484,30,766,5,1
1995,34,36503,43,725,4,0
1996,54,10258,32,656,8,0
1997,47,42747,9,680,4,1
1998,56,37196,12,761,2,0
1999,41,47113,29,768,3,0

2000,33,68444,68,506,9,1
2001,38,87907,52,710,7,1
2002,36,12833,50,784,4,1
2003,46,38615,81,558,6,1
2004,49,76194,67,702,4,1
2005,31,89391,25,511,5,1
2006,26,72737,54,831,9,1
2007,62,29065,26,592,7,1
2008,59,14714,16,653,9,1
2009,34,64172,56,842,5,1
2010,55,78668,96,686,5,1
2011,68,60739,52,548,2,1
2012,40,46028,46,602,4,1
2013,47,50677,87,642,2,1
2014,60,57767,39,802,1,1
2015,27,46927,19,823,1,1
2016,57,68292,10,798,7,1
2017,62,18959,19,513,5,1
2018,56,83204,78,831,7,1
2019,46,72277,60,515,4,1
2020,39,22013,80,664,8,1
2021,61,55034,61,542,1,1
2022,67,83718,18,762,9,1
2023,28,31977,79,790,8,1
2024,58,86339,61,689,9,1
2025,38,11906,24,568,1,1
2026,56,28304,56,809,4,1
2027,57,43794,60,549,6,1
2028,38,42687,71,793,3,1
2029,53,95732,82,846,7,1
2030,49,18774,10,577,9,1
2031,65,94606,66,750,8,1
2032,41,10576,90,535,5,1
2033,33,84537,28,624,8,1
2034,41,69278,34,523,2,1
2035,33,66677,51,699,5,1
2036,65,15965,50,528,5,1
2037,58,58910,14,671,3,1
2038,62,44451,53,746,5,1
2039,28,53739,52,824,6,1
2040,69,62521,22,789,3,1
2041,28,85909,26,532,5,1
2042,46,23130,48,712,8,1
2043,44,75652,27,611,6,1
2044,46,73220,59,531,3,1
2045,41,20899,36,752,7,1
2046,31,72456,94,731,5,1
2047,49,67629,48,784,1,1
2048,35,69206,37,696,8,1
2049,64,47976,63,678,8,1
2050,36,52772,68,658,3,1
2051,49,39754,89,723,2,1
2052,62,87459,44,576,5,1
2053,37,10109,69,583,5,1
2054,40,46437,65,543,7,1
2055,62,55946,81,751,4,1
2056,51,20132,36,805,5,1
2057,35,65316,87,706,3,1
2058,41,56744,61,670,8,1
2059,50,31548,94,615,1,1
2060,34,69035,31,787,5,1
2061,38,59443,50,651,6,1
2062,42,62077,89,843,5,1
2063,42,51698,48,628,1,1
2064,54,75686,33,522,8,1
2065,34,41458,32,606,1,1
2066,37,22474,60,775,7,1
2067,59,58418,25,529,2,1
2068,27,16535,50,548,9,1
2069,43,14455,26,721,1,1
2070,61,87007,87,610,7,1
2071,43,36074,67,829,2,1
2072,30,34878,52,701,1,1
2073,63,17299,90,740,4,1
2074,38,32062,59,681,4,1
2075,62,44205,38,834,3,1
2076,65,58079,98,663,6,1
2077,32,75865,64,633,1,1
2078,29,55739,94,573,7,1
2079,38,94025,36,649,8,1
2080,43,53319,91,541,7,1
2081,31,48542,66,633,6,1
2082,27,54595,53,773,8,1
2083,36,28000,83,669,2,1
2084,65,95423,93,580,8,1
2085,67,64340,39,681,6,1
2086,35,87212,75,831,1,1
2087,34,32622,43,603,3,1
2088,52,12806,12,640,4,1
2089,60,18585,30,581,1,1
2090,41,85154,28,670,9,1
2091,35,41548,69,744,4,1
2092,51,95815,80,770,6,1
2093,67,50723,19,792,2,1
2094,56,62553,56,578,9,1
2095,35,74222,90,660,2,1
2096,65,43858,88,729,2,1
2097,47,89029,57,666,2,1
2098,51,32850,29,504,3,1
2099,66,67265,38,736,6,1
2100,42,80909,80,531,8,1
2101,41,13914,25,624,2,1
2102,69,55248,98,522,2,1
2103,54,89234,58,823,3,1
2104,26,65868,13,528,1,1
2105,40,97912,18,708,2,1
2106,55,52307,37,563,2,1
2107,59,47890,60,741,3,1
2108,33,53704,44,820,7,1
2109,27,84815,57,756,9,1
2110,50,28231,27,694,1,1
2111,38,36591,56,543,8,1
2112,43,54993,71,626,9,1
2113,35,96651,34,791,7,1
2114,45,81682,66,742,4,1
2115,61,17255,64,603,8,1
2116,49,82328,52,635,3,1
2117,59,78550,34,559,2,1
2118,60,82823,52,727,4,1
2119,58,74162,36,777,1,1
2120,67,21227,14,749,8,1
2121,52,38493,67,652,8,1
2122,27,64876,74,599,9,1
2123,55,73162,42,710,5,1
2124,67,76888,39,719,8,1
2125,64,28584,41,713,1,1
2126,42,35023,87,707,6,1
2127,56,59707,17,594,8,1
2128,50,33441,38,580,4,1
2129,42,30644,95,632,3,1
2130,58,91711,95,502,4,1
2131,35,67754,90,815,9,1
2132,65,87360,97,702,7,1
2133,38,94073,99,652,1,1
2134,39,91143,60,626,3,1
2135,66,37553,73,682,5,1
2136,69,85843,33,504,6,1
2137,47,54803,59,611,3,1
2138,57,11604,40,805,4,1
2139,55,65720,45,683,4,1
2140,59,51877,65,637,6,1
2141,48,66525,78,769,2,1
2142,57,40816,92,697,9,1
2143,54,50908,18,546,4,1
2144,62,47322,47,544,9,1
2145,62,31376,97,558,9,1
2146,60,72675,33,691,7,1
2147,30,86794,95,757,4,1
2148,53,52205,29,533,1,1
2149,49,91278,47,658,8,1
2150,59,83073,95,704,2,1
2151,29,91643,18,579,2,1
2152,38,25410,27,634,5,1
2153,60,28329,64,667,1,1
2154,36,43686,95,548,9,1
2155,53,48154,42,710,4,1
2156,52,22411,91,516,5,1
2157,61,33422,67,609,7,1
2158,64,82096,66,730,5,1
2159,53,43210,19,709,1,1
2160,42,69936,87,523,3,1
2161,36,31925,26,565,9,1
2162,38,20173,60,776,3,1
2163,31,67810,64,757,8,1
2164,43,88105,79,634,1,1
2165,49,12384,79,588,2,1
2166,52,94507,11,773,4,1
2167,68,80456,84,701,4,1
2168,27,30697,55,597,2,1
2169,53,63734,99,645,1,1
2170,25,25328,62,517,9,1
2171,66,43590,31,795,5,1
2172,38,69112,78,736,8,1
2173,26,96952,39,821,6,1
2174,54,15626,30,528,1,1
2175,68,34848,58,555,4,1
2176,63,77840,25,627,7,1
2177,27,38715,46,729,4,1
2178,43,14070,17,805,1,1
2179,48,81567,19,572,1,1
2180,27,30525,82,547,2,1
2181,62,30657,35,726,2,1
2182,44,92993,97,805,2,1
2183,46,29358,73,821,6,1
2184,46,42268,97,627,4,1
2185,50,31635,58,626,1,1
2186,55,10243,68,678,9,1
2187,50,69887,25,524,9,1
2188,29,89153,56,807,6,1
2189,49,10585,84,584,3,1
2190,42,86821,52,503,9,1
2191,37,49013,41,681,7,1
2192,51,39694,65,607,6,1
2193,50,10771,96,529,2,1
2194,46,49291,55,662,8,1
2195,55,45158,39,727,2,1
2196,29,26124,48,501,4,1
2197,48,28002,76,788,6,1
2198,25,19032,80,641,5,1
2199,33,91788,90,677,2,1
2200,28,44731,89,768,4,1
2201,54,47814,56,659,2,1
2202,61,98829,71,839,7,1
2203,27,13365,54,589,5,1
2204,57,62349,27,580,5,1
2205,68,26967,76,584,4,1
2206,65,46753,32,716,7,1
2207,61,99440,31,647,2,1
2208,64,41011,79,627,1,1
2209,49,52706,27,591,3,1
2210,67,54646,38,799,7,1
2211,39,50833,40,591,5,1
2212,66,30777,47,578,8,1
2213,34,27736,49,595,6,1
2214,37,23557,93,816,2,1
2215,39,68542,11,500,7,1
2216,66,60294,47,801,4,1
2217,34,40160,69,801,8,1
2218,51,56831,39,779,1,1
2219,54,51779,14,707,7,1
2220,69,77202,18,845,6,1
2221,38,72896,22,517,1,1
2222,37,75461,78,531,6,1
2223,55,77840,86,731,2,1
2224,51,74216,99,715,2,1
2225,47,56462,30,674,7,1
2226,42,67591,18,588,8,1
2227,64,52994,83,587,4,1
2228,31,97356,82,729,4,1
2229,25,95308,62,825,8,1
2230,62,86567,81,712,8,1
2231,58,92981,70,670,6,1
2232,50,51867,88,844,5,1
2233,62,44514,73,660,3,1
2234,61,58341,95,696,4,1
2235,55,24203,38,828,9,1
2236,37,74609,65,602,4,1
2237,41,96416,37,521,6,1
2238,68,40014,17,840,4,1
2239,62,14464,77,633,2,1
2240,48,27629,38,615,8,1
2241,68,98307,92,725,1,1
2242,49,43651,85,525,8,1
2243,42,39920,58,664,2,1
2244,33,99107,18,678,5,1
2245,32,11124,98,693,2,1
2246,59,94160,90,584,1,1
2247,45,79214,42,544,3,1
2248,38,30727,63,536,4,1
2249,63,39850,61,820,5,1
2250,56,21734,29,837,5,1
2251,25,47647,53,520,8,1
2252,58,77603,86,595,6,1
2253,30,55167,13,739,4,1
2254,34,71925,33,803,8,1
2255,53,61252,65,824,4,1
2256,32,41305,52,530,6,1
2257,28,95232,73,580,5,1
2258,54,50452,64,625,7,1
2259,69,15586,62,695,1,1
2260,33,87409,62,576,9,1
2261,25,41320,48,699,7,1
2262,50,16251,22,613,6,1
2263,41,58693,30,785,5,1
2264,68,47251,40,531,4,1
2265,50,65957,73,685,9,1
2266,58,75712,71,773,4,1
2267,33,77713,68,672,5,1
2268,35,63834,78,836,7,1
2269,41,10568,11,634,4,1
2270,49,12058,18,502,4,1
2271,27,19852,44,596,6,1
2272,25,81425,73,557,7,1
2273,55,24448,10,831,5,1
2274,26,52484,67,548,1,1
2275,41,25340,16,650,1,1
2276,37,80350,53,743,5,1
2277,57,55526,37,763,1,1
2278,45,19847,21,527,5,1
2279,64,85695,66,507,7,1
2280,40,83539,34,716,8,1
2281,41,95476,93,624,5,1
2282,55,79500,31,830,9,1
2283,57,38155,47,708,6,1
2284,69,93338,79,636,4,1
2285,28,48091,63,591,2,1
2286,63,55149,43,658,3,1
2287,56,95110,88,655,6,1
2288,69,59743,83,602,4,1
2289,67,80488,87,546,1,1
2290,25,94612,10,602,9,1
2291,68,93607,14,506,8,1
2292,47,87240,61,671,9,1
2293,65,27369,49,537,7,1
2294,61,84950,37,758,6,1
2295,67,42273,59,530,8,1
2296,32,12869,82,514,2,1
2297,68,28766,12,793,2,1
2298,64,19662,48,767,2,1
2299,34,33004,10,601,6,1
2300,33,52830,24,554,4,1
2301,35,26459,51,769,9,1
2302,47,47514,23,767,9,1
2303,38,35743,86,585,3,1
2304,27,70667,61,522,3,1
2305,29,41991,33,644,5,1
2306,33,32572,89,565,6,1
2307,36,17375,23,549,6,1
2308,55,14282,21,761,6,1
2309,59,75167,54,683,7,1
2310,27,43996,82,527,2,1
2311,61,57206,10,542,4,1
2312,51,31459,10,520,4,1
2313,47,46254,35,629,6,1
2314,26,46871,15,578,3,1
2315,28,87035,38,846,4,1
2316,55,61238,36,815,8,1
2317,54,11402,17,696,2,1
2318,62,76055,37,625,1,1
2319,48,44714,95,733,6,1
2320,36,16236,20,727,7,1
2321,48,13193,59,655,5,1
2322,66,80522,93,544,7,1
2323,66,31826,94,540,5,1
2324,38,42252,62,609,3,1
2325,26,62018,30,772,1,1
2326,48,59399,32,713,8,1
2327,50,77700,42,681,9,1
2328,56,60054,17,617,7,1
2329,40,63012,59,582,7,1
2330,27,63638,92,773,6,1
2331,26,46988,32,647,4,1
2332,61,26769,77,588,8,1
2333,40,99123,79,512,3,1
2334,41,55032,67,808,1,1
2335,30,45993,79,626,8,1
2336,62,36092,32,824,9,1
2337,35,23904,60,709,6,1
2338,59,53235,18,584,7,1
2339,48,21310,74,700,4,1
2340,39,74447,25,680,8,1
2341,65,33223,86,833,3,1
2342,52,18923,33,553,7,1
2343,60,61685,45,584,4,1
2344,49,34184,21,662,7,1
2345,31,62455,63,831,6,1
2346,58,26620,64,764,8,1
2347,69,19903,89,537,3,1
2348,67,14103,66,566,8,1
2349,41,54007,12,719,3,1
2350,55,92763,59,789,5,1
2351,47,16049,61,612,4,1
2352,44,31711,72,618,2,1
2353,32,37536,69,848,8,1
2354,69,20996,30,749,2,1
2355,53,89884,30,726,4,1
2356,27,51596,39,770,8,1
2357,56,75923,48,545,7,1
2358,69,11390,21,673,3,1
2359,30,11905,42,712,5,1
2360,44,54759,22,609,5,1
2361,25,18177,57,834,4,1
2362,63,26982,26,785,1,1
2363,53,72540,74,841,7,1
2364,57,99478,68,690,8,1
2365,45,55333,20,848,3,1
2366,60,16016,46,515,2,1
2367,46,52176,21,649,3,1
2368,65,91831,61,613,6,1
2369,41,93516,11,812,1,1
2370,43,29743,17,663,5,1
2371,45,58974,62,583,2,1
2372,57,26604,76,589,2,1
2373,47,33265,31,802,9,1
2374,49,15648,86,542,9,1
2375,68,26367,19,725,2,1
2376,63,36631,61,836,1,1
2377,62,26658,56,761,5,1
2378,55,16777,25,586,9,1
2379,50,93589,75,677,5,1
2380,66,53314,24,520,9,1
2381,49,98594,71,640,3,1
2382,30,69284,46,811,3,1
2383,44,69566,75,680,3,1
2384,66,23034,68,698,3,1
2385,25,65611,84,768,3,1
2386,68,21186,62,654,9,1
2387,61,93265,76,677,8,1
2388,45,44249,41,765,1,1
2389,31,92206,42,521,6,1
2390,50,12085,92,735,6,1
2391,65,89313,54,749,8,1
2392,32,48989,55,599,1,1
2393,59,26261,58,659,4,1
2394,54,62044,76,746,2,1
2395,25,42478,72,675,6,1
2396,34,12659,61,645,7,1
2397,28,14498,67,786,9,1
2398,25,33644,36,587,9,1
2399,61,20923,90,736,2,1
2400,54,74473,88,601,4,1
2401,47,16641,73,570,6,1
2402,68,83644,12,703,9,1
2403,63,47153,86,676,5,1
2404,29,16484,19,835,9,1
2405,33,36351,16,573,6,1
2406,33,94222,68,644,4,1
2407,39,64093,48,588,2,1
2408,52,84910,32,709,6,1
2409,53,41313,15,647,9,1
2410,47,81410,81,646,4,1
2411,35,78488,69,553,3,1
2412,44,73278,22,514,7,1
2413,63,11350,78,525,1,1
2414,65,41210,47,792,9,1
2415,62,78706,63,749,6,1
2416,48,50885,68,571,2,1
2417,61,15911,46,684,9,1
2418,25,22759,92,656,6,1
2419,28,19471,62,596,7,1
2420,41,76035,46,663,3,1
2421,47,98571,69,581,3,1
2422,63,61387,39,765,9,1
2423,56,34332,33,592,7,1
2424,53,65261,26,684,1,1
2425,41,61400,26,612,5,1
2426,64,55681,28,718,9,1
2427,37,58503,84,604,7,1
2428,37,26854,27,559,1,1
2429,54,28543,64,744,4,1
2430,25,23536,63,574,4,1
2431,31,50475,46,614,5,1
2432,33,20835,15,643,9,1
2433,69,69204,96,722,5,1
2434,43,89781,93,676,2,1
2435,63,13896,26,562,5,1
2436,61,55764,37,545,2,1
2437,26,10832,39,542,8,1
2438,29,95443,85,680,7,1
2439,45,99868,63,714,7,1
2440,43,76403,72,709,9,1
2441,49,51831,32,841,9,1
2442,35,81868,21,680,7,1
2443,39,26499,94,743,9,1
2444,63,67458,83,690,7,1
2445,40,96367,35,597,8,1
2446,66,15826,88,811,2,1
2447,27,94110,74,839,8,1
2448,50,33980,98,617,9,1
2449,25,29918,65,798,6,1
2450,69,65664,30,504,1,1
2451,43,24269,45,710,3,1
2452,39,74907,36,834,7,1
2453,50,16990,63,816,7,1
2454,27,50871,43,735,4,1
2455,68,50800,15,657,3,1
2456,69,89434,25,792,6,1
2457,56,71181,40,539,6,1
2458,69,55239,52,762,1,1
2459,33,40152,90,591,4,1
2460,47,79736,10,797,1,1
2461,48,96349,61,610,9,1
2462,27,56482,93,754,3,1
2463,61,83394,59,678,7,1
2464,67,67009,33,513,2,1
2465,29,70870,14,732,3,1
2466,49,73549,65,555,9,1
2467,36,66377,55,652,7,1
2468,29,18114,82,766,1,1
2469,41,61214,78,804,9,1
2470,50,45367,47,588,8,1
2471,42,67028,65,693,1,1
2472,49,95952,15,586,9,1
2473,35,29789,71,841,9,1
2474,64,75158,60,842,9,1
2475,33,36512,24,670,6,1
2476,56,99967,89,673,7,1
2477,26,35103,43,557,7,1
2478,69,40865,89,737,6,1
2479,44,89832,80,505,4,1
2480,46,81483,13,779,2,1
2481,39,23016,94,547,8,1
2482,31,10788,54,785,7,1
2483,40,91736,69,582,3,1
2484,34,58014,16,681,4,1
2485,58,54032,17,562,5,1
2486,54,17168,13,740,1,1
2487,25,39995,56,528,4,1
2488,27,84421,38,805,2,1
2489,53,34660,83,823,8,1
2490,34,33253,90,649,4,1
2491,37,84827,75,638,2,1
2492,65,92676,87,715,2,1
2493,32,83216,16,624,3,1
2494,50,10018,52,551,5,1
2495,27,85750,68,509,3,1
2496,28,99741,56,699,3,1
2497,33,74698,31,580,9,1
2498,49,74702,41,713,4,1
2499,58,14680,76,743,6,1


